-543 -715 3.9 9.0 21.8
-822 209 4.2 12.6 31.5
34 232 3.3 8.4 20.6
116 -141 2.1 8.1 24.6
-987 554 2.7 10.6 28.7
-682 -560 4.4 12.9 26.3
-802 -265 4.9 11.6 22.5
494 -60 4.5 12.5 30.6
130 -400 3.6 13.5 27.3
182 -607 4.5 12.6 31.2
-408 -837 4.1 9.3 21.6
-72 301 4.6 13.9 27.7
372 -454 4.5 10.3 23.9
300 -650 4.1 12.5 23.2
-448 895 3.6 9.8 24.4
726 573 3.9 11.7 28.5
-354 -179 4.3 10.4 20.7
794 470 2.8 8.9 28.3
872 316 2.9 11.2 25.2
149 103 3.4 9.7 22.2
-183 -259 2.8 10.7 29.7
-814 547 2.7 12.7 27.8
622 393 2.1 7.6 23.9
-42 83 3.3 8.6 22.4
393 476 2.8 10.6 30.0
574 312 2.3 11.7 29.2
-994 953 3.0 9.5 21.1
560 -635 4.2 12.8 32.5
723 308 3.5 9.0 25.3
-670 104 3.5 9.5 23.2
226 -337 4.9 14.5 33.7
703 652 3.5 9.1 22.7
939 -839 2.9 8.2 27.0
557 90 2.3 9.7 20.4
125 -662 4.3 9.9 24.7
-567 902 2.8 12.2 26.4
375 330 3.6 12.2 24.2
-493 -540 3.1 12.6 27.1
205 -549 2.2 7.3 22.8
-862 854 2.0 10.5 21.1
-430 370 2.1 8.8 23.9
807 169 3.5 11.2 28.4
-167 -611 3.7 9.9 24.6
-159 -44 2.3 10.6 24.1
323 -799 4.6 9.9 26.4
-777 -491 2.2 10.8 28.8
-625 -430 2.6 10.3 21.7
654 764 3.4 12.8 23.6
107 712 4.6 10.1 26.6
-516 -660 2.0 7.5 25.0
848 -880 3.2 10.6 29.2
897 605 2.5 7.5 21.4
496 604 4.4 10.8 27.8
-393 -555 3.7 12.3 23.8
531 -358 4.9 12.8 28.2
746 87 2.2 10.1 25.1
-620 -860 2.5 12.3 23.1
-755 928 3.8 12.2 24.6
268 -833 4.7 10.9 26.8
914 -466 3.3 11.2 26.4
-190 -732 2.6 11.2 23.6
539 916 4.0 10.5 23.7
-796 -850 2.2 9.5 29.5
-286 804 3.6 11.1 22.4
-103 707 2.2 8.4 21.2
652 339 3.6 10.1 29.9
798 -725 3.6 11.9 27.4
-682 -443 2.8 12.2 29.6
746 -460 2.8 8.9 22.3
-896 -811 3.5 9.8 28.9
-317 579 3.9 13.0 23.4
-96 129 2.4 12.3 23.9
935 808 4.1 11.9 23.0
-244 192 4.1 9.8 20.2
-254 841 3.7 10.8 21.2
-268 -570 4.8 14.7 25.1
146 810 4.0 12.3 25.8
895 904 4.6 14.5 32.0
-638 805 2.7 8.5 26.5
602 906 3.2 9.1 28.3
-492 -454 3.2 11.5 28.9
-921 758 2.5 11.0 24.8
-284 -375 3.4 9.4 28.6
351 -605 4.5 13.9 26.1
583 -429 3.2 9.6 20.3
-322 923 3.1 10.6 27.4
189 971 2.1 11.5 24.1
-293 492 5.0 10.2 26.2
-764 -212 4.4 11.6 31.4
-107 -997 4.7 10.7 21.1
925 519 3.6 12.6 29.5
943 360 4.2 10.2 24.5
-745 474 4.8 12.9 29.5
427 -395 4.7 12.2 28.9
-224 387 3.7 9.7 26.3
-169 122 4.2 10.1 25.8
609 187 4.5 11.0 23.1
46 -31 3.8 10.4 24.8
-419 55 4.4 14.2 31.6
-519 377 4.0 12.1 23.0
